band3w                                   = 29.315472805138825
band3c                                   = 418.43236345233345
band2w                                   = 18.569129886049268
band2c                                   = 390.7531030828303
band1w                                   = 22.15704339923286
band1c                                   = 358.77878506978357
