band3w                                   = 50.029539279946675
band3c                                   = 580.2721915075515
band2w                                   = 113.44726512776651
band2c                                   = 1029.481082929609
band1w                                   = 27.12869383490056
band1c                                   = 435.820704854184
